1
182   182
0010000110101100010100101000110111101000100101101001011101101101011100011001110110011001100110101000010111111001011001100111000110010010010011110001000101000010001111110100111001100
0101111001110101101011011001101101011010011101001011101000001010111011010000111001111010011010111101101110010011100001100001001111011110011100110010000000001001110110001010001010010
1010111101001101101101001000111111100100000011011000000101010101111101000000110000010001100000000011101111001011111011110100101111001011001011110101111111011111110001101011000110010
1010101111000011011100010001001100100100001110011010111010011001001011111101111000100001001111000100011011001001011001010101110000100000011111011011101010101000011001110101010100101
0101100101110010000000011011000101000100011110110100001100110101110010111010010001000011011001010010100101010000011010010101011010110101001100011011100000011000100001111011100111011
0000011000000011001100100000101000010001000001000000100101111111101100010010010000111000111000000011111001110110011100000100110111110001111010000010101000110000011000111111010110010
0011110001011000101111100110100011111101010011110000110111100000101111111010010000100000101110010111000101011100100101111101000000000010101111001101010100101110101100111111100000101
1001110111110101000101001100000111111101111100110101100001000011101111000111110000101111111011101111101111110100001011010001100111011110101110111110110011011011011111100110110011010
0100110101000111110111111101000010001101100101100001111100001001011010001100011011111111101000101111110100110101100100111010110100001011100101000011110101101101000010110101111011011
0001000001010011111101001111110110011100101111010100101001000011110100110011001000111110000011110001011011110001001111100010101111100001001010001001101101000100010110001111000000010
1001101010110110001010001111111011100000000101110001101111001001000111111100111011100010010101101000001011011111011101000101111100000101011101011011110010011110000111101101010101111
1110101110110111001000101100000000110001011010111011111101000111111111101001010000111010000111111111010011011101110101110001001000100010101000111000010011001111010001000100010100100
1001101101011100110110100001111101111110001000101011101110010110101000110001100000010011100011010011101000001010000101001001111101110110000010101110110100010010110111011111011011111
1010001011010001111110111100010000110100100011001111110010010111010011100110100001110001101110110101100010101100001100101101000000101010101010001100011101100001001000100001101001010
1111011011101000100010100001101010111101011110000000110101101011101101111101100010010011111000101110110001010010011110111101111110101000111001010101111100011110100110010110110110100
1101000010010101110110100110000000010110000101111111110000100001001010011110000110000001001011001000101011111100110101010011101001110000101101001101100110110000101010011100111100011
1100010001101110101000100010101101010001000101101100010110001101001101100110111110111100100000001011100110101001111111000110011101110000110100100000011010011001111010010101000101000
1001000011111000101000010110011010101101001100000101110011001010010001111011100000100100011101100111000010000101111001110110010110110110001100001110100100010100100100010101010011001
0000001100000011011100000001100011101001011000011001011100111110011111011100010101011100111110100010010110001000101010011100010100111110000100100001011101101000110100100100101001111
0100010101010100001000010100111110100000100011011010010110110101111110101100110101000010010011001011000000000000100001000010000011011100010000100111110111011101011010101000000110111
0000001010001111110100011011110100000100111111101110110100110100110001010010000100101111100011010000111011000100100000010111110001110010101000110001111101011101100011011101001100010
1000110000000111000110001011011010111111010010000011001010110110100100101101100110011000110111000110111011010100011010000010101111100000000110100010110101011100101011100101111101101
0011111001000101100100011111111100101000100010101100010010011110111001111101001101011011001110100011100001001001111100101111100110110110001001001001110010011111001100010100101000011
1111010110001011000011010111001111111001110011001011111101011100011010010000000001000000111101000011101001010110010010001100000111011101100100001101111110110110110111011011000010110
1011011110000000011101010001010110111100011010100001110011000010000010101011101000100011010111001101010000001011010011110001010011000100000100110001000010010010000111011000000000011
1100111110001010101010101011100101111111110111000101100101110111100110111000100011100001101110011010100101001100110010010100101101000110101111111001110011011100001100111001100101000
0011111000011101110010101001011101111101110000010110001110011000101010101110111101011000010000001100100110100010000001111100101001110101010110100110111000100000001010000011000100010
1011100101110010101011110111100010010100110101001011111011110010011110100011101101111001010100011110011010011000100001110111000111000100101100110011101111011111101001001101101010001
0001100001111011110101100111111011000011011110011110011100110010001110100010100100001110010010000101100100111101000011001100001111101100101001001010111000011010100011001101111010100
1000011100110101000010110000101111101011110111100101001101100000100011110000010101000010110011010100111001110000010111101000111100001000010100011111010000101110001000100011001000110
0011000000011010011110100001101110100010101011000101111011101001100100110110011001010000010011111000111101000110100011110001110111000100000100110001111110111000001111001011000110111
0110100001111100001001000011111101010011010110001000000011010110111001100001001100101001011101110011110001011111111000111010100001110010100101000101010110000111011111101010111011111
1011100000110011010000000000111010011010101101010011001110101000110100100001101101000100010011001111110100010100010110000001110111001000000011110111000001000000010110001001011101010
1010000111000111011001011110111010111000101010010011000101100100010011011010001011000101001111111010111001001000110011001000010001001110101000100100000101011010111001100010011000000
1101000111011101011111101000000110100110000110000101101011100010100111110101011011111010110111000100011110010111101000110000111001111100110100100100100111011101011000100101001010111
1100100010001010100111111001010011110111111001011111110110010111101000001011101100000000110001011000101011010001000101100011101111011101100100000100110010110100111000111001011100000
1000010111000111011001110001111111001001111011010101000001111110111001000001101111101010011101100101000110100101010110110101110010001111110010010010100111000010111001110110011010001
0011101010011101101110111010110001001101100100001110101001111000010111001000010100111001110111101101010001101000011101011011011110100000100101000100010001110001000001110101111111101
0010100000111001111101111101011011110111111100100000111001101000011011011000010110010111000111011000010001011010101101001110110111100111101111110101101110111101100001110100010001111
1001111010001010101010010010110010110101000011000010101101100110110000110111000110111011100100001111111001101001110100011001000111011100011000000000011010010001010010101111010001010
1101111100111111111001011101111111001111111010000101011010111010011101000001000110110001001111000011011010001100011101100110000000101110010011010100000001111111111001111011100101111
1111111110110100101011010110101101001011011001111011001101000111100100101111011101011011001110111111111011010011111001011001011011101111111111111000010000010111110011111100011001111
0011011001000111110101010110000000111010100110110010101101011001000100101111100101100111011110100101000011000101010111010111111000110100010011110100100100100101010111100100001010001
0011101101100111011001101101100111001011000001111111110100100010000010110001101000010101100110000111111000111001010000111100100100001010100101111001011011111101100111101100010100100
0110110001100010101100011000010001000100111100101011110101010100101111101101000101100011001010001010011011101001011001000000110111111101010110000000101011000100111110000010101001111
1001010111001010001101111100110011111011000100100101001110000101000011100001101001010000100010001100011010100010111010001110101000101000000101110100101000011110110011011010010110000
0101000000000011111000010100100001110000001010011110001000010100010011001100000010001000000110011011010111000001001010011110111000011010101101011111101100011111100010110101000011110
0010110010011110110100001001010000010011111000010100010000110100101001010000110001001001100011001111001001000000101101001110011111111000000101111000011000011010101011110010110000111
0101011110101110110010100110011101110100111000111111101010111001100111101011101111101010001100001011111111111011000001000010101100110101100011000111101011011001101010100110000000101
1000110100111001111000000000111010010111101000110110011111001100011101111000101100111111011000011010000001101001001000000101000010110011101001100101100000000010101011000100000011011
1110010111000010011000001100111111010011000010000111111110111110010011000010110110111101000100110011001000111100110000110101100100100000000100110000011001001110011010110011000111001
0001010001010110010000001101100001001100101011000001000010011110101100011100110000111111110011000100101110100110000111110111001110001110000100100100011000100110110011100110001010110
0101011101101101011100011000001011011011110010001001110011011111111011001000010110100001010101001001110110001000000011111011010111100101111010111010110011010100111000011110101011100
1110101111010100100001100110101010110011001100001111001111111000000010100100001110000010000100100111001000000101011101001001101101100001111110001010010010001010010111000101010100101
1100111011110010011101001110111110000001110111001100111111110100010110000010001001010000110001100010100011110111101111001001011110010010110110110101100001101001111101101101011110110
0110011111001101001100100110001010111010111111101001010100001010111111110000000100001101001101001111000111001110111101010100100011110010100001001110001011000000111011100111111110110
0110100000000110100100011010010100011010010100110100010100101111011100000011110011010100011011010010111100001101110000100000000101100001100010000110111000111001101011110111000100011
1000101001110001101000001000111100011111110111111010000001100011000101100110010000111101000010111100111000000111001010100001111010011011000011011010000111000100100101011111001010100
0011000110000011010011011111000100100111001010001100100001110011101111001100000100111110000110000011011100101011100110000010011011001111010011100010110000110111011110110110000110010
1110001101011111011110010101110001000111101000111001000000110001001010000010001000011000000110110110101000000000011010110011110100111001001100101100111001011101010110010000010100000
1010100010000111100101100001010110000010100100100100110111000001011011010011101101011001100000001001011010001111111100000000011101010011011100011010100110101001111110110101101101000
1110010110111110111000111011001101100100010001010010010011001000110100110100000111001011101111110011011000111010110010000001000101011110001001110101010101101110000110000001110011001
0111100110010011101111110010000010001100011011001100001101100000110010110000101100001010101010101011111100111000100101110001101110111000000010000011110110000010001101101111011001110
0110000000000111010011010100010100111100111010000010101001010010000111001111010010000010010001110111010100010100110000101010111110000010011011111110101000001011011011010010110000100
1101110011000000011010000001001001100011111000101100110111110000111110001000010011010110010001101111000000111010001110111111010001011111000101010111110011110111001101001010010111101
0000101000101110110111110010110010111110010011110110111011110100110000010101101011100110101110001010011100110010101110011000011001101001101110001110110010010010100011100111000010100
1000001010001100101000110110110011101011000110001100110001010111111100101001111101010010000101110010111010000000111101011010011111011100110100100010111000011011010010001101101010001
1111111011010110101111101110100100010011100101100111000101011010000100110010111011111101000000011101100101110010100001000100001100100110111111010101111001010011100000101001100111001
1111111011010100001110100111010001001111100100110010000000110111111011101111110110100000011101010010101111010111100010010100101010011000100101110100111010111000111101100111001110101
0011101011111100000001000000110010000000011010111101100111100010000000011100100110011001100101000011010001110100110010110101101100000010011101011101110010100010101110010101100001101
1001011001101010100000100010100010001100011001010000101011111000101001111110111001111111100111100100011011010010001111011010101011100000110010111110001010000111110110001000010011101
1011101000000111001111111000101100010011110101001010100111110001100011010011001111001111000010001011110011100100110100111100010010010111110100001000100111101000110010000110000000011
1100010101000010110101100110100100110001001100110011010101001001110001111100110101101111111110111100111010111011100100100101001011110001011101110101111101100100100110111011010011100
1110111001011000100110011111111001001001000101101101110110001000000110001110110000001111111101101001000011110001101011001010000011000101001101010110011110010010110111011010001000111
1011001000111011000101101010100001100111111000010011100011001010101111111000000011011001011001111111110001000000100001011110010110110000000100110101101110111000100010100100111010101
0011110111011110101100000001110010101100011110101011011100010101101011100010001101100101110010001011111010100101101101111001010101000110100100000101000010101111010000010000010010111
1000100110111100010010011111110110011101001010001000011100010011111110000100010111110000110010111000010101000100000000000000110101011001011010111100001011000110111011010001110101011
0111100011011110000011011000011000000001100010110111000001000000100011100011010000011111001001000010011000000001110010110111000110101011111111100001011100011011101010110011001101110
1001000001001110111110001000001001101001011001101111101001011000011100001110100111010001110001000101101101100100100011010110111100110001100010100100110111010010000101111011111101000
0110001101010111101011001010000100111101101010011010100001101000000100000100011010011110100000110011101000000111010110110110100001011010001101101011111111110111100001000100110011110
0101100001000110101110000001100011111101000011010000011010101101111111000101110111100000110011001010110000110100101110111011000100010100100100110001010000001110110000100111100111111
0001111010101101011000110001100000111110110110001001101001001101100111111001111010100010011001101101011000001001011111011011101010100001111101000110101010110010000101010001110101101
1000011101111001111011110010010010110110001011101110010001010111110101001100011001011111100011001001100111001101010001111110100110010110011111001010110001011001011111101101110111101
1010011011110101111011000100110001111000000110001001101010100011110001011011011000010110001001110011011001100101100110111100000010011101001111111111001100110010101011100000011010001
0010111100110010001101011101010011010111010100100010101101101001100001100100111110100100111001110011011100100101100001110110000011101100001101000110110101110011000101001010100110011
0001100000111111011101100001000101100000010000011011010010000001100000111111001010000110000000000011111111100111101011001101001101010010010000010110100010001110001101111001111001010
1000011011100001001111101101101110101100101001111000111011011110000011110010100111011100011011110100010100111011101111000110010010000011010010111101001110001010011001101011001101111
0000111001111000000100101000111100000000011001011001110101011010101000111001010001111100010011001000011110100011001011101101101001001000000011010010101000001000001001101111011011101
0100101010100001110011110101101000001100010011011010101101100011100101010000001010100011010111010100101111000110111100000111011110001000011011110111100011101101001011111101000010111
0010010110111111101001011100001110000000111010001000110001110101011001100011100100010000111010000001100010001110000010101110011011000000000101000111101111000001110101110001010110101
1001110011100010110111000111100011101001000100101011011100111000111001011011110100110000010111001010100110110101110001000000000011100111100001100001010001001100101100110001110110001
1011110000000110100101101010011111001011100100111000101111100111011000110111111111111101101110011010000111000101111110110100000000100010000000101010001010100101110101101011011111010
0010000010100101000100111101101011010001000100100010100011001100110101001101010100100000111100000110011110101001011100010000100000110000011001110000110100001000110011110111001001010
0010100011100110100011010101001011101111000111010001010100101000100110111011111100001100101000111001011101011100001010110000000000001100100000100110000101110101110101001011111100101
0111110101101011111010011111000110001001010111110110010000001011010001000011101101100111000000000110001001101010111010010110000011001110101101011110101010010010011100100000110100100
0101011010101001111011111001101100111000010001111101000000001100010101001111111111100000111100001101111000000111110100011000000111100000010001000111101010111001010010110011000010100
1011100011101110001111111100000001100100010000010010011010110111100010010001110011000110100000001101110001101111110111000111010001100000110000101000110000000001110010010011101111011
0101101000111100010100111011000100111100111010111000010101100100001010011111110010001110101100001010010001000100011011010111101011010010011100101000001110110000001110111100100010110
1100110101111000011111100101000111001010011000000110000111101000011111110110100101101101001010010011011100111101111111010101011011100101110100111001111000110100010001110001111110110
0011111000000010011011001111101010110100101000110101101111001111111000011000111001110110001010101110001101000001111011111110010101110110101110111110100100100011000000111001011000100
1101000111111111100010010110111111001011001011011100101110010100100100000110001010010101100000011101100011101000101001000011100001101110110011101111000001010000010011100000110001000
0011000100100111010100111001110001111000001000011101001111011010001110101100111100100000011100010001011100011110010011000101010011000011000101000101110110010111001001001101111101100
1101000111101011010100110110010101011011110110000100001010110100101001000010011110100100000110100011011101111011110101101000001000001000001111000001100111001011101000100111101111010
0011000000010100101011011000000100001111101011110001101001111001111011100010010001001101010101101110111110101101100001011110100111010110010110001101000110101000111011011111111010000
1000011100000011110010001101100111100011001100011000110000010110110100010011111111111111110111110000010010001011001001110001000001010000001011010001101101110011010000100001101110111
1111010111110010110100100011110001101111001101111101011101011010110000111101001110110100011001101100000110000010100111110010011110100010010111100110000111011100000111011101000110000
0100101111110111010100110100000000101101000010010111111111001001101010001110011000110100110010011000001001000111001000000111011111100111000100011010100010110101011001010011010001011
0100101000100101001011011111011010000010101000101110110100011010101111101011000101111001001010101011000001111010110010011010011000101101000100101110010000110110100101100101100111111
1110001000011001001000101000111001110001100000100001101011011010111010101111000000110101001100101110011111010110000110100011101100010111001110010010011110000010011101111001000100111
0001100000010011001110110001010100010110011101010001110100001010000001011101011010111111001101100000000111111101011011000100101001100101100011010110100110011100010110011111101100000
1111010100101011101011000010011110010101100000100000101111101000111111001110010111101001110111110100001100100001001000101100011100011011011101000010011110110001110110111110101001001
1000101001000101110010111100101111001111100101010000101111010000010011011010100111001011101101001010101111010111011011101011110100110101111110001111100011101011110000000000001111001
1110001110111101000000010101100010101101010111001100010001100110011110011000110010000110101110011011001010011011101001111100100111110111010100010010010001011011110000111011100111001
1111001101001110110111101011011101011100111001001011110101001111011101110000010011110101101110011110011010111110011011001001110100100100101011000110010111111010111101001111011110111
1101011000001001110001100010110101100111111011100110010101010101110010010101010100000110101010000001101101010100101111110000101111011010110010100111000000001100000010100010101011101
1101001101001110011101100011010110000010111111010000100001011010001110100001100011100000110010001100001000001100111011110111110110110001010111001101001000110010001010110001110010101
1101110101000100011000011011010101011110110110101001010000100100101011011000011011100101000000000010011010010111000010101001110101000000101111110001111000000100101100100111011010110
1111011011001101100011010010111110010100100000011100100111011100000000000110010111110111111001111101111101001000110000010110011100101011011111010111000001010001101111111001101001010
0010100011000010000101111000010110011111011010001011110010100010110010000101101110111011110011011011001101000001010110010110111011001101011010100111001100010001001110010010000111001
1000110111001101011001100110001101111111001110101101101001111110011011000101110111011001101001010111110100001010100111111101101001100001100000100000101100111000011001110011000101010
1110011000000001011011100001100001011101111101000101000011001110010100101110101000000100100010011010000001000110101100101111000001000101010111000000101101110011010110110101010110011
1101010101010110101101000101110110001010111001111011000110100001101010010010001110100100111011100000111011000011000110000110000000010000011111000000001001001011101000010111111001011
1001010110101000100010010110000000000000001100010010011101011101101111100111100110110001010011000101111101111011110001001000111001010011010010110000011000001101001110010100100100011
1101011101110111000100101001000010010110001101110000110000111101110000100111011100111101111101011011001101111100110110010001100110001100010100100101000101101001111100111010010001001
1101110010001010001011011001110100010111100111100110010001010100010110010010101010000011010010010100111111110001001000111111100011011001010110111010010111011111000110111110111101111
1011011011011111011100010111010010010001011001000100010110100000101100010001100000100111100010111100110111101101100110000100000000000111110110110100001101010100100011010101100100001
0001111101100010111010110111011000011101100001010111000101000000010111000100011100000001111010111100011011000000000001011110010011000001100011001111100101110110111011010000001111101
0000010010100111010110101110111111010000110111000100111111001010100110100101110111010010111110010101110001101100011111110000000111011101001010011011011101110101010101101110011111101
0101000100001110000111100010011110010010101001001111011010100110100011001100101101000110000101001001111111000010110010111110000101011111100010000011011010110000010010000101010001001
1010111111110111111110001010111100011011001100101100101001010001111110101010100110000100000111011111000011010000000110001010001100011010111011010011111101100010000000010100100010010
0011011101100011001111110100111011101110000001100110100011010101100011111100000011001011000101011100001001001101011011010000101101100000001001110110111001110111110001011101111001110
1100101100001101110111010001000100001010101101111001001110100100011010000100011001000111011111011010011000100011011011001100110111110011011000000100110001100011001100101011010000001
1101011010111101111100100010011010110011111000010101000111011111011100011101000110011110011000110111110100000111100011000111101111111000010111000011000100110101100000011100001101110
0111100010101110000001001000110010101111000011001100110101011111011101000000011100110101110000100101000101100100010001010101101011111101100011010001111010110011100010100101101111111
1010110101100111001111001100000000001011111110001000100010101010101010110110011010110000100110101100010111011001001110000101000101111100111001100111110010110010000110010011000111111
0110110001010111000111100010110110111101001110100100000010001000010100111110001000110010000101000001010001101111100000111001011100100010001100000010010010101010101101101101100111100
1101101110001001001111011000101000001101011110101101101101100001111111000101010110101001000000010010111101001101001011001010000001101010100000101111010011011100001100110101000011110
1000010100000001101011011000011110111010111111000101111110101111001001001111010100000001100001011111010010111100111000111010110110001001011110100010110001111010101010100010100010011
1001111001101111001110010111010101010010111011110101001011101000010111010100011101101101100010010001001001010000000111011010101000110000110011110011101110001110111110000100101100011
0010100110111110001001001101010011110111011110101100010110111100101001011110011000111100011101111101101111010111100100110010110000101101011110111000101011001100001010001010100010010
0011111010011011110010100010110101110011011101000111010010111001101100001000001000100101001100110000010010110101011100111001100010111110100001101101111000011100101011110111101110111
1000010011011100110110111110110100010011000101110110101100110001101100110010101011000110111011010101000010110111010010110000001010001000010011100100110101111100110111110111011110100
0101011000001001111110010100001110101101001000001001111000100001111110110101010000011100000010100111010101001001101110000010001111000010111110011110101010100001111000101101001111111
0100111101011101010111001001000111001110010010110001000101110010101010000011101110111001010110111000010100101000100001110000001010100000001101000101010101010001100100101010101100000
0111001100110010101011001000010001001100111100101100010101101110100110001000111101011011110011100010101101010010000011010110100000101110010001101010101001100001101010000100111100001
0101100111001110101011111011011001100110111011001000011100001100100111111010101010001010010010001111011111110011111011010001101100010001100100110111011001111111011010111000011011111
1010100010101000001001000110011111100000000100100100000001110011001010101011111110011001110110011001000011000001111001100010001001111010001111001101001000011011000111110101110110100
1011011110100011111001111010101011100000111100100100000001001011011101111101001001101100010100010001111011110111011011011101111001001011011010100100010100101100101000000000000101111
0011010111100011000100011010001100010101100010001100000110011110010011001011111011100000111010111111101110010001000011100110110011111110101001100011010000000110001101111000001010110
0001000011000010100000000111000010101100000111101110100010110101100001010110100011111010000000110100100010101000011111101100101101011000010000100111110100111100100101011010110000010
0101011101001100011010001110110101111110000110000101110111001000100101110100000011100010110111001111100110100101111010010100000111000100100100001110101001010010010101111110001101000
0011000011001111001101000110101010000001100010010100010101110000000101001110011011000101101000110100000000001000011010001000100010011100101011101000001010101000001000000101011010000
0000101001001100011011000101111011111010010101000111010010101010000110011000111111111111101001101110001001010100010100010010001000110001111111000001110000110100100111010111111111101
0000001011111010111010101000111000010101101010000010001111110111110110011001101011100011000100111100111011011100101001111100000100111100101110000001010001001011110011101101000111010
0001011010001111100000011111101111101011111101001110111010101010111100111110100010000011110001101001101000011000010101000100001101100000001011110000001000001101110111111110100111101
1001101100010001110001000101000100001011100000011101001010010110110011100011011100001101011000101001001011101110010011000100100101011001001011101001100100010000111010000000101000011
1001001001101011110011101000011010100100010010010100110101101101101100110001110000100001100111101000101010000000111101010001111011111011011011010011011101001010011010010100000000000
1000110100011101010010101011100110111111110000110000101111000011000100000110100000111010110011001101001011101101011111010011111001100110110000100001110010111010100010010101011101001
1001011000111110111010100010111001101100011010100000100010000100011011001011111110101101000100101100111000001000011101010011001111110111000100111101010001110100111101101101100100101
1011011100100110110010101011101001110101111011110000111110110111001011001001111011100101011111001011011011101000100011000100100100010110011010101011111000010001010001111010011111100
1000101100100111011000110111011011000110101101000011111011011011111000101001011011001000110010011000001110101011001100110110010011011101110011100110011100110101110100011100100101001
1101110110100101000010011100100111101001010000001011101010111110000011110011111010010100100011110100011010000011101111001110010001000110110110110110100110000001110100110000111111001
0101111101010011010111110000110100000010010000110101100000000110100101101101111110101101101111101101001100100111111101001010101100110100111011011100011000100001110001111011011001000
1011110111001001111100000000100001110100000000011000001101010111101010111110111110111011001111000000001011011001101111010000001101001001111011001110011100101010011101010001010000111
0000111010110001001000101101010101000111101011001011000010011011000000010111011101100011110100011010000010000101111111111110111101100111011101110110100000111011010101110000001110101
1011000110011010000010111011011001111101001101011101000111001001011111011100001000111101100110001111000101011111001110110100111101010101100111101010101101100100001011010100001011110
0010100101100101101111011010000110010101001101111110111101111001101011001010011111001010000111001010000000011010011110010010010111111000000101011001101010100001100100011100011001110
0110011110110011000101011100010001001111101010110011000010011010100110001000010111010100111101101101011011000001001111101011000110001010100111101011010100101100001000010000010001111
1000000111011110010011100110001111111000011001001001010100001100010111100110011010010011110100001101101111111010111010010010101111000001010101110110100110100110110001100011110101001
1110011010100100010100010110011110100000110001011101001001010100110001111000110111000101001010110001101101101100001100010000100111100000010100101101011000100101011101100001101000101
1100000001100011000000001100000001000100001011110100000010011100000010010101011110110110001010010011000000000010111111001001100110110110111001110101011101101011111110000000100011000
1011101100100000100011001001001011100000111010001011101111110001000101110010101010001111001100000110001101001101100001100100001011110100000111000101101100011110011101011100001001010
0001010000011111100010011100010110001001110111100001000111010001111000010000111001111000010110110101111111000100111011111011001101010110011000111011000101101001110111000110100110010
0011100000111110101110101111100010011011011101001101111110101101100011110001100101100001111001111100001001111110100011110011110101000010000101111000110101100001011010010001001001010
1101101100110011110100000101111011000001001011010011110010101101111011110100101100110001010100001000000110101111100111010101100001010001101101011101100011111011010101101011101100101
1101001010110101101010111100011001100000111010001011011101111011110000110110111010011100111111000110000110010000010011001010110010110110010110001001101001001010110001101000110000111
0100111000001100110001000001110011000111011010110101110000100111101111100101001110000111001011100010111110101110110111000001111101110101110100011010011000101000010101100101011001111
1110101111111100110110000110000110010000000111110100111001101001001001001001000000111110011000111110101110111001011100001000100101011000110010011110100001110100100100111110101110010
1100010010110101101101001011100100010000010101001100101110100110110100110011111001111100010000110001110001011101011110111100000010000111100100100000000100011011000111100011001010010
0010000011010111001110110001101111011100011010110111000100010100110000001010000111000011101100011110100101110101011011100001000001110010110101001100000101111100000000010001010111111
1100110010100110010100001011111001001010111010111001111111100110001011010001111000111111110100111011101100100011001010101000101111101110001111111110011010000011101001000101101011010
