1
60   60
00000110111000110101101000111000101100100101001100111110010
00000100011100010001000110000100010101001110011100111001110
10101110111110010010101101000100111011100111011110001100011
00111011111101011011111010110011110010001111010000100100111
00001011111000100000110100001101110110100011011101011010001
11101100111000100110011100110010101011110100001101010011000
11110011010000011101011100000010101010100101000000001000010
11110000010010001110110000010001111011001100101010101101011
00101010101000010111001111000101101011011011111001001111101
00110111000101011011111101010110111010010111100001100000100
01110110011110011000100100011011110011111100100111101001011
01000001110010011111000010000101100110010110100000001000110
01010010011011101010100001011010110011011011001011010010010
00101000111111000101111111010101101100001110111101000010000
01010010011111010011101101010100010010010101101100000010001
10011111101110111010110011011100000100010100100110111101011
10100011110011011001010100101110001111101000101001100111100
11110001101101011101101100011111110101110001101101011010111
01001010101010110110111010000100100110001100111110110010011
01001010101001010000011100111011111111110011001011110010100
10111011001000101010110001001010101001010000100011111011011
01011111111010100001011111010000111010011000101011111101000
11111010101000111100111010100001101010110001111111111100001
10111000001011010100100000110111111001101000110011001110100
00111011010001010100100110110010100010001100001111111111000
01100010001001000100110110011110010001000111000101001001111
11001000011000101111001010011001111111001010100011011010110
01010111010101111001100000110101001110001011000100001110111
10100110011111110011000000111010101100000001100111011000101
01100010001001001010010000110111011110101010110101100011100
10001000100100010110011111010011101101000101100101010001010
01101110011000101110110010111101101101111000000111101100110
00101000000100000010010110000111110010000100100101001101001
11111110100111111101001111110011001010111111101111100001010
00011101111011100011011111001100111101010010001100011101100
10100000011010010001101011011110000100100011001110101011011
01001100110100011000011000000000011110111001101100111100011
11100110010000101010100110000010010110101111110000001110001
01100100010011101100111001010010101001111110000111000011101
01110000000101010101100100111000110000001010100001010100101
10011010110110000010111010111001100100111010111100100001000
01111110101111111001001001010011000100001100010011010110111
11111100010100100010011001011111011010100010000110111001000
00101100100110111000101000000111110001110100000111110000000
01100010011000110111010011010110101011110111010110011001110
00011101000111101101011101101111000001100101010110001101101
01011000100110111110000101100000011010111101101010101111010
10110111111010110001001011110100100111111010111110111111011
11100111111100101100000111011101110000110101111100011010011
11110011000000010000101111100010011101100000011001011101000
10101010101000011100001101001000011001000110010001110011000
10110000111111111101100110111111110100001000011100110001000
11100110111111000001001010101110010000010110101101100000100
01101111101011101011100000001000000111110010001001010011011
00101000001100101110101000101001000110001011001111110001110
10001001110110000001010010000100101010001000101100011001011
00010010010000010101010101101000011101110001111111001101110
10001101000110100100011110110101000111111001010011000011011
01101101110010100110011001101000001111110111000100000111100
