95
2093
29 32
37 60
13 34
12 60
57 59
92 45
60 72
4 65
80 35
90 31
76 93
70 75
12 37
45 20
78 82
31 17
62 7
41 54
18 73
71 51
28 10
22 48
34 65
48 5
67 29
28 16
7 31
78 9
33 4
92 90
76 57
76 56
75 78
19 46
19 40
73 64
89 46
93 1
13 85
69 62
19 44
93 28
23 63
24 45
15 86
8 56
41 49
26 14
1 10
43 71
18 24
64 17
23 65
29 74
85 65
40 51
33 37
16 7
22 47
16 35
69 65
9 79
29 0
55 80
19 45
0 82
42 39
13 83
73 48
30 64
59 15
46 5
80 32
47 91
65 12
78 15
32 41
60 87
47 84
89 72
77 84
70 93
74 35
25 19
29 51
36 55
88 66
7 40
42 65
82 61
77 72
25 11
49 5
14 48
84 59
36 24
4 16
33 43
64 39
23 6
2 94
20 33
7 24
81 1
43 24
94 80
25 64
46 26
1 72
41 52
85 21
9 84
33 79
0 37
48 34
25 55
92 84
73 60
2 74
25 93
59 24
56 17
26 6
55 9
82 68
34 5
11 45
1 56
76 22
52 9
59 85
25 71
61 19
5 73
91 1
67 66
82 60
84 36
85 4
21 83
72 26
49 32
29 77
41 4
49 19
89 90
42 8
38 60
40 80
81 91
6 14
48 58
91 28
27 2
79 36
36 5
91 90
84 83
42 64
38 39
52 0
85 53
58 44
1 90
76 32
82 38
58 65
41 61
80 75
76 5
55 51
60 36
19 48
21 76
52 52
41 77
28 93
23 82
67 26
52 56
10 93
49 14
20 83
0 88
15 33
86 18
20 32
15 71
31 3
85 56
63 75
87 92
82 3
90 15
54 59
65 89
7 60
47 69
83 6
81 36
20 31
54 20
87 68
38 4
34 22
10 71
29 40
70 24
78 47
65 74
37 20
74 86
67 26
37 91
28 64
91 69
16 20
29 7
79 2
60 15
7 50
5 4
17 44
94 36
55 14
55 39
51 68
30 59
19 35
29 58
13 43
16 45
85 63
9 17
8 66
76 18
3 54
52 66
39 42
15 81
89 30
39 75
74 36
44 46
22 19
78 91
84 46
87 50
30 63
58 12
50 20
84 20
2 65
74 78
72 45
83 72
23 34
93 60
20 4
67 57
72 19
69 32
50 8
92 7
46 0
33 84
83 64
84 76
84 78
25 9
27 2
84 25
0 88
47 41
10 53
75 71
94 74
21 43
35 75
17 81
62 34
10 74
74 70
68 56
87 1
32 11
28 87
18 85
11 71
72 79
72 24
7 63
71 69
72 54
9 19
11 57
71 8
43 77
1 49
13 24
61 51
46 36
43 88
56 53
77 67
4 50
68 24
33 6
12 66
83 41
4 50
9 47
39 29
74 51
0 11
32 63
80 18
42 82
8 6
64 59
60 69
9 32
93 35
51 19
1 27
14 25
24 86
22 26
69 52
36 87
85 49
41 5
28 64
42 35
90 42
56 56
6 80
29 53
11 44
61 84
74 21
37 48
42 46
28 47
10 44
72 66
71 13
90 93
23 80
86 4
4 90
71 70
42 18
82 35
47 91
84 91
53 36
48 31
29 44
6 40
85 93
31 71
6 10
78 70
60 8
65 19
54 78
71 7
84 41
93 25
14 76
74 17
29 70
77 42
91 43
15 40
42 58
83 47
51 26
90 4
83 47
48 83
54 22
3 76
69 66
93 49
80 56
40 83
82 63
50 59
10 59
11 7
86 60
65 68
71 51
62 27
93 56
65 69
22 81
55 45
62 53
9 37
33 59
71 79
23 74
58 94
75 26
69 94
4 45
79 70
35 50
20 47
35 63
88 25
36 33
24 67
8 60
83 38
67 67
39 6
14 67
31 93
30 83
16 79
9 51
85 71
93 68
34 82
92 42
93 81
60 4
64 84
81 85
88 20
15 70
88 71
21 43
45 19
46 93
86 17
24 26
3 65
34 66
33 51
71 39
74 50
0 91
66 21
21 9
77 21
79 57
65 88
22 60
6 1
34 30
80 84
90 65
10 86
81 5
20 29
92 38
44 36
16 26
50 78
74 10
69 3
92 54
11 69
6 76
46 84
56 59
43 9
82 1
58 9
58 34
56 76
48 23
1 2
86 89
0 7
24 27
94 84
24 41
64 83
49 5
71 75
47 73
86 24
58 42
42 31
35 90
76 91
31 9
70 6
89 37
2 23
15 42
25 82
70 50
26 94
44 31
41 57
75 12
3 89
50 21
76 85
55 61
12 77
65 33
90 84
72 29
14 55
47 30
88 18
75 34
58 48
64 54
39 23
90 24
37 60
21 75
30 73
63 85
60 27
52 5
4 76
81 55
48 43
30 0
37 22
82 17
11 45
7 49
55 0
28 37
17 51
10 34
55 35
53 92
18 51
54 55
90 5
65 28
84 3
36 11
58 27
7 83
21 64
14 23
17 39
76 40
10 30
13 35
83 31
55 75
57 92
68 80
51 43
91 67
56 83
10 59
92 9
4 52
19 48
64 74
31 16
40 34
81 34
68 14
33 44
93 17
75 36
82 34
41 71
31 11
32 37
8 5
85 20
64 32
43 80
85 28
51 81
3 64
40 43
36 89
13 92
78 68
15 58
76 45
70 14
11 60
67 87
17 12
21 73
27 4
72 70
53 50
78 60
40 43
19 53
18 36
81 40
59 70
24 4
63 82
67 19
69 21
79 4
18 47
18 85
41 49
94 48
77 51
89 24
87 5
10 16
32 12
48 29
49 79
93 86
34 6
83 39
1 44
94 42
72 40
47 0
7 54
66 43
92 8
85 56
43 80
51 51
3 41
90 79
54 38
82 91
47 44
93 6
66 56
45 86
29 60
41 76
27 27
1 22
12 28
9 27
30 37
17 78
13 91
43 14
82 59
42 13
16 56
2 28
94 55
15 31
11 60
52 35
47 30
51 19
18 60
62 81
52 88
5 76
24 57
23 2
23 48
85 27
53 79
87 60
37 48
48 57
60 59
14 51
60 9
22 91
90 87
0 6
8 0
84 57
47 25
89 35
90 63
73 83
37 24
26 69
73 4
83 52
25 1
79 25
12 27
63 85
28 63
49 22
80 78
75 64
36 87
42 66
65 87
11 39
9 85
58 49
2 45
16 45
29 77
59 82
74 66
79 22
66 42
82 31
84 72
72 17
68 40
49 14
19 83
66 12
10 9
13 37
54 78
59 74
66 16
48 85
54 91
66 19
91 64
82 17
69 76
64 14
9 74
81 94
41 42
42 9
91 6
89 62
79 12
4 25
22 49
23 90
5 13
40 83
7 85
23 42
78 60
73 73
0 26
78 4
26 26
21 25
13 64
26 67
33 8
87 37
91 31
5 49
14 58
63 45
82 58
21 51
88 22
4 53
31 64
36 79
83 42
7 73
31 27
21 15
51 54
37 25
68 77
4 41
38 94
54 72
87 92
9 2
86 13
24 17
64 90
25 31
6 21
35 33
34 63
67 88
36 70
63 93
1 54
77 8
62 88
50 78
1 66
4 78
44 59
6 7
37 49
5 56
35 5
44 10
79 76
47 88
30 29
51 81
46 34
17 17
33 5
51 52
29 6
15 27
56 35
12 21
75 38
54 22
51 53
16 70
92 43
37 35
93 29
84 78
18 28
15 85
79 64
50 84
27 52
63 50
53 31
47 8
42 24
64 75
7 68
14 25
50 73
61 6
3 10
52 71
46 87
49 15
93 52
52 89
12 22
35 61
30 7
31 94
50 82
36 62
12 89
69 8
29 5
44 71
48 61
29 2
84 52
51 83
37 94
79 19
22 23
40 83
43 79
80 46
19 82
58 74
31 73
69 1
4 20
35 84
47 23
15 79
68 68
21 45
51 34
9 39
66 54
66 23
60 10
0 68
88 28
91 56
66 74
53 20
10 18
58 78
68 49
21 57
74 66
16 10
83 84
76 93
17 88
68 59
58 19
11 11
93 37
90 61
49 85
59 22
16 21
80 58
22 60
72 64
25 26
54 61
56 72
61 74
81 31
69 13
15 34
55 49
86 22
56 28
50 34
83 86
72 38
35 17
82 36
14 3
51 11
31 36
44 9
87 4
51 88
27 14
35 79
77 88
21 70
23 46
50 83
65 34
63 86
51 86
72 19
62 38
1 54
85 39
30 36
22 34
6 33
23 93
73 83
28 63
51 58
77 12
56 27
88 82
18 63
89 47
44 41
54 13
40 53
70 85
81 64
72 76
54 89
61 43
75 92
39 84
51 27
28 50
77 14
5 6
56 29
92 19
64 33
0 2
64 75
81 54
58 14
89 27
0 63
82 85
60 75
49 63
20 83
2 33
56 46
17 21
18 28
51 79
78 50
12 35
60 32
17 93
65 26
21 85
79 47
89 32
47 58
8 93
91 34
1 18
48 82
44 85
0 19
45 28
61 37
3 36
30 49
36 37
44 30
26 67
38 58
14 89
63 23
45 34
21 2
78 67
52 36
53 66
28 53
86 37
66 1
60 89
10 58
26 89
59 35
29 69
94 38
75 58
21 69
70 33
20 11
27 79
53 66
18 5
84 21
85 82
60 37
70 2
27 70
79 94
44 6
77 21
67 69
91 54
74 70
2 74
1 18
75 54
0 61
90 56
12 0
80 75
16 7
44 76
56 42
47 64
12 89
94 2
31 13
21 30
27 82
40 85
51 81
0 55
83 45
22 34
64 20
19 64
81 31
4 56
14 40
54 86
14 25
11 17
88 41
9 53
1 15
37 67
52 21
68 43
74 52
4 36
25 92
45 49
87 28
94 60
37 44
23 17
89 4
74 71
37 45
89 30
31 74
21 29
12 19
4 81
37 72
25 78
18 39
47 45
58 27
92 11
71 48
15 88
70 86
64 82
14 62
60 47
37 6
88 63
40 19
10 29
54 47
73 73
43 1
32 11
7 54
68 18
89 76
29 15
94 91
75 28
55 80
2 1
70 21
52 60
68 15
32 32
83 38
73 49
76 24
91 89
57 56
2 58
32 70
73 69
64 29
36 5
57 68
85 82
56 11
9 3
17 53
16 69
52 14
12 64
49 66
39 81
92 33
76 38
28 69
16 77
21 24
55 43
1 1
35 1
82 51
40 6
70 21
45 2
55 6
88 62
64 86
84 31
66 24
84 84
17 30
20 76
66 40
12 63
92 85
2 26
94 59
87 64
23 17
9 12
33 90
89 66
39 58
75 12
60 22
30 73
49 62
10 10
51 36
2 71
89 43
41 2
74 31
82 16
10 38
90 58
92 58
75 81
9 17
59 94
50 31
72 19
42 83
47 31
87 88
46 62
86 78
61 36
25 81
20 58
34 30
20 66
43 63
19 58
87 13
35 5
10 36
71 89
79 76
89 25
28 81
33 18
35 62
40 10
71 51
5 60
83 1
86 41
80 38
9 36
32 21
53 13
32 44
51 89
81 41
93 42
67 12
66 42
41 24
35 66
81 67
54 12
29 91
26 47
15 41
51 13
91 37
70 20
32 15
0 10
60 82
22 7
48 79
13 68
32 36
80 80
59 9
14 39
75 32
0 88
70 12
58 57
49 63
58 94
9 10
24 78
77 38
7 25
73 78
52 45
73 40
38 59
14 50
27 43
15 54
71 26
43 69
24 61
59 80
10 26
1 35
74 3
57 60
35 25
8 50
43 90
24 28
42 88
82 62
61 60
13 31
37 32
11 3
29 66
42 79
64 20
91 49
31 85
49 57
78 92
67 43
10 16
21 19
44 57
27 24
84 31
5 91
86 31
11 17
40 8
49 17
7 21
75 38
51 21
24 81
19 57
41 31
86 20
1 86
39 11
29 23
65 15
20 58
57 74
78 74
56 45
26 70
45 64
86 43
0 2
67 66
47 22
59 42
14 85
44 40
57 87
16 14
37 74
15 82
81 31
60 39
12 12
4 2
63 20
30 29
10 86
11 11
60 59
74 92
60 80
54 82
11 1
52 93
52 16
43 91
71 88
11 17
69 13
73 31
25 88
47 8
0 56
5 29
57 10
42 45
58 90
86 2
26 86
80 42
41 55
51 92
81 21
91 49
54 60
43 60
87 21
88 32
32 94
54 65
84 50
60 43
47 65
7 18
76 71
33 51
78 56
23 80
56 64
48 30
43 31
59 82
8 19
5 37
46 68
51 39
64 3
7 56
62 62
38 48
81 28
6 61
18 66
10 33
65 23
21 59
86 49
19 50
63 54
8 66
48 28
14 41
1 67
18 13
15 48
49 94
30 0
66 72
90 48
63 77
84 71
86 61
79 70
76 1
31 50
5 94
65 31
16 27
74 10
27 42
32 14
72 34
48 21
61 59
38 26
29 47
79 87
79 53
1 28
93 87
77 55
94 30
0 26
29 41
45 50
53 66
5 71
38 41
79 31
47 33
36 44
16 10
92 22
72 54
49 28
48 8
21 88
62 49
38 73
61 56
80 38
56 67
53 37
67 57
79 15
35 21
51 60
13 22
69 65
30 45
55 33
67 73
66 11
26 19
63 36
1 89
92 90
68 69
31 73
24 9
52 25
21 13
70 47
20 50
25 55
41 92
83 37
6 80
92 49
1 14
13 41
84 4
34 94
85 87
16 13
89 58
17 81
45 4
2 6
10 54
25 14
71 7
90 1
51 73
88 54
37 56
35 81
24 46
85 75
81 4
49 82
28 92
29 64
9 72
29 27
62 47
77 24
81 74
43 10
85 64
17 16
80 82
0 27
88 24
79 31
63 54
76 19
83 2
86 65
54 30
78 89
14 17
87 30
32 80
18 87
33 50
76 27
59 42
27 90
9 83
17 44
28 70
39 51
43 69
63 66
9 60
44 41
42 5
81 14
21 41
37 64
45 82
19 63
22 53
67 74
40 38
70 32
87 46
3 10
81 68
60 26
38 50
68 16
27 40
74 63
14 39
15 61
27 10
88 61
76 64
54 64
30 88
12 66
25 69
1 60
68 72
45 34
70 89
75 54
70 93
30 32
32 34
46 22
64 90
93 0
60 71
27 73
55 54
22 79
94 79
4 42
79 41
22 76
33 51
0 4
94 36
24 10
63 94
60 2
40 9
53 93
83 64
66 1
15 82
17 9
5 92
79 80
62 8
36 71
54 25
92 4
16 45
78 20
70 9
28 33
76 26
55 81
22 39
0 32
7 32
11 5
84 18
44 6
46 19
84 20
33 43
78 56
71 43
25 23
83 42
29 66
9 51
91 51
22 75
45 23
20 52
34 62
84 44
34 34
21 41
86 92
66 49
2 57
11 5
73 3
78 46
89 60
1 81
1 73
17 52
55 19
6 10
44 17
17 92
75 32
94 18
66 38
73 39
41 59
89 85
9 75
93 76
10 45
71 53
9 46
29 3
61 43
73 93
67 10
85 48
76 77
67 15
63 35
39 9
37 63
69 81
2 25
15 3
43 83
41 91
17 52
30 41
77 73
61 26
93 89
28 27
83 45
37 1
54 93
30 79
71 3
22 54
17 0
73 82
66 77
48 43
74 34
4 28
14 27
0 71
2 62
21 73
69 89
43 18
55 32
64 6
92 42
20 30
24 4
67 7
92 46
65 59
25 71
30 57
8 31
85 17
49 53
45 17
35 38
21 27
84 63
4 94
15 93
82 13
76 90
56 13
31 61
37 38
29 4
81 64
16 6
77 78
67 73
17 43
4 27
85 23
5 9
53 69
50 0
75 34
51 56
71 81
64 63
84 9
16 51
32 15
37 54
48 45
70 38
58 39
72 91
24 73
3 66
24 52
12 66
32 8
80 15
51 40
14 93
24 1
88 8
57 1
28 65
46 88
66 6
42 4
35 82
16 46
35 7
14 86
16 79
25 78
69 78
70 37
85 87
39 12
85 48
35 69
50 38
8 67
87 60
50 94
55 59
78 21
49 52
17 92
44 72
24 94
39 79
39 58
77 52
49 37
10 56
42 82
70 14
64 8
39 66
60 39
21 39
47 66
29 26
5 87
69 56
79 93
42 2
91 71
2 35
49 45
51 67
23 80
93 57
79 35
30 7
12 68
80 7
80 20
23 91
15 7
90 70
9 73
7 3
26 85
5 50
79 93
65 59
86 35
29 3
92 16
56 11
17 79
64 62
90 75
71 49
54 92
31 35
94 73
61 27
30 28
66 15
13 12
31 2
23 73
32 85
59 29
8 19
63 79
7 22
45 76
81 62
51 9
91 30
91 55
42 31
23 61
35 91
34 13
76 80
51 42
47 48
43 86
78 13
93 61
80 90
68 59
22 23
67 56
46 52
68 18
16 42
91 11
47 21
84 65
8 54
24 11
74 56
0 55
42 74
62 44
89 42
11 93
10 15
19 22
35 49
54 68
23 87
60 30
65 59
43 71
53 32
47 81
87 5
57 59
64 48
8 25
18 56
57 87
29 65
62 31
58 39
77 78
79 55
71 1
30 69
63 9
38 66
33 60
46 24
93 63
92 22
69 45
85 84
1 35
92 54
57 8
90 28
87 68
8 73
78 76
16 76
63 6
7 56
69 90
82 80
51 88
69 68
28 68
38 56
94 25
27 44
17 93
44 7
7 34
33 44
57 59
75 29
34 54
11 48
33 64
84 80
42 8
42 72
38 89
37 92
22 1
93 34
79 3
71 38
74 75
33 94
8 58
18 10
86 13
65 66
50 16
18 27
73 69
12 30
81 66
20 14
81 76
83 63
13 91
54 41
13 42
39 66
9 20
61 41
57 1
16 41
70 1
41 12
59 94
76 76
58 78
62 77
4 61
8 68
31 57
12 84
6 34
28 62
39 58
34 55
57 49
47 36
1 6
31 25
70 13
67 49
1 65
41 43
59 33
72 73
67 67
41 25
5 86
40 23
20 87
38 41
94 8
77 93
82 8
60 13
27 21
58 68
70 27
94 51
17 0
81 76
79 47
78 81
23 7
94 60
91 71
88 54
83 44
47 70
27 34
52 89
38 73
92 0
22 40
44 3
35 61
20 92
62 27
45 68
55 53
21 4
69 85
54 29
50 93
83 80
85 16
87 43
73 33
46 43
48 38
60 25
49 24
18 69
67 55
19 49
88 23
15 53
7 41
89 29
53 12
20 69
2 89
78 6
1 34
8 67
52 30
79 30
52 84
62 55
88 41
3 81
41 17
52 71
93 71
34 55
50 15
69 7
73 45
70 16
21 11
38 72
64 55
58 42
75 66
82 32
49 91
23 54
77 70
16 42
13 66
70 56
65 44
13 64
64 77
9 26
38 52
36 24
15 4
65 78
91 67
81 18
60 12
71 32
44 11
74 91
88 8
75 51
21 67
7 16
35 87
84 80
5 30
16 51
54 73
89 7
51 46
38 49
55 77
16 39
90 65
57 13
36 34
16 65
6 92
